10

0	2244	1156	680	544	680	1156	2210	4369	0
2244	0	68	68	136	272	544	1088	2176	0
1156	68	0	68	68	136	272	544	1088	0
680	68	68	0	68	68	136	272	544	0
544	136	68	68	0	68	68	136	272	0
680	272	136	68	68	0	68	68	136	0
1156	544	272	136	68	68	0	68	68	0
2210	1088	544	272	136	68	68	0	51	0
4369	2176	1088	544	272	136	68	51	0	0
0	0	0	0	0	0	0	0	0	0
